0.01  33.19829205089093  33.19611531654286
0.035151515151515156  35.97205327238028  35.96453394177206
0.06030303030303031  37.186515083402185  37.17384125341072
0.08545454545454546  37.98449562486264  37.96685359577713
0.11060606060606061  38.584293481074724  38.561867313131245
0.13575757575757577  39.06743810338864  39.04039536763746
0.16090909090909095  39.4734371346948  39.441940276558284
0.1860606060606061  39.824475304431964  39.788698144262256
0.21121212121212124  40.13427069773207  40.09438554859761
0.2363636363636364  40.41190705415177  40.3680841320393
0.26151515151515153  40.66394774104618  40.61612306452252
0.2866666666666667  40.89491163306222  40.84309295890964
0.3118181818181819  41.131029196153854  41.0524317858283
0.33696969696969703  41.3062360251383  41.24678283674033
0.3621212121212122  41.52876214560769  41.42822353511361
0.3872727272727273  41.6650281073766  41.59841728286277
0.41242424242424247  41.88115729824366  41.758717470383345
0.4375757575757576  41.991851208353076  41.910240675659324
0.46272727272727276  42.13036953714267  41.97552218827999
0.4878787878787879  42.30079711954794  42.11513687455742
0.5130303030303031  44.10900548800517  42.320722620905386
0.5381818181818182  42.53762486439513  42.3922643779609
0.5633333333333334  42.70496243557538  42.563035168261806
0.5884848484848485  42.98318002301445  42.67337040242046
0.6136363636363638  42.96126723442311  42.78525135588297
0.6387878787878789  43.18890588762624  42.889968122663355
0.663939393939394  43.23041728763727  42.9738282267801
0.6890909090909092  43.20961918199394  42.793330261973196
0.7142424242424243  44.38942396394489  43.072848406039014
0.7393939393939395  43.75307424512113  43.094520272661015
0.7645454545454546  43.567906198381884  43.30032662014188
0.7896969696969698  43.69493998189338  43.29811062279606
0.8148484848484849  43.8138675699974  43.51730112437764
0.8400000000000001  43.790812545338675  43.538401633347675
0.8651515151515152  43.925047891007935  43.109781672040356
0.8903030303030304  46.128359218688566  42.15842582085367
0.9154545454545455  47.076631884006396  43.51735485603932
0.9406060606060607  44.51971317464733  43.85154628237073
0.9657575757575758  44.12429056801533  43.28134954755128
0.990909090909091  44.52963980557608  43.9545503724443
1.016060606060606  46.1701675252365  43.71986861132588
1.0412121212121213  44.393233967198135  44.05243071311898
1.0663636363636364  44.642088736170656  42.82339381059795
1.0915151515151515  44.544983114506536  43.99940826875497
1.1166666666666667  44.610958925167644  44.22143345195185
1.1418181818181818  44.7713604425228  44.19119066909891
1.166969696969697  45.091872119101765  37.805512877391486
1.1921212121212121  44.865376624110745  44.02076785865619
1.2172727272727275  45.03989840542436  44.19058244723304
1.2424242424242427  45.17749264079699  44.08455048442288
1.2675757575757578  45.67380674193083  44.50234158202639
1.292727272727273  45.34672231576973  44.56441940031472
1.317878787878788  45.47335035147955  43.19830162256859
1.3430303030303032  49.143369745764424  43.73660556181207
1.3681818181818184  45.699700598801876  44.075420291843024
1.3933333333333335  46.61873223467343  44.485875229018895
1.4184848484848487  46.433242314894414  44.50095242483988
1.4436363636363638  45.32212637444807  43.32825654537625
1.468787878787879  45.470785293624814  43.26903194254217
1.4939393939393941  45.467610534403015  43.669720293432775
1.5190909090909093  50.40807624927688  42.670091100392426
1.5442424242424244  45.62985777844218  43.93962639578974
1.5693939393939396  46.198583427920944  44.44975644617666
1.5945454545454547  46.18168178009453  44.899279236145055
1.6196969696969699  46.84375182821472  44.80084972311252
1.644848484848485  46.06777364878703  42.810276298058874
1.6700000000000002  46.73104289177888  44.42121116646007
1.6951515151515153  46.495435594506944  44.955982705013675
1.7203030303030304  46.86283002314267  44.69654054121254
1.7454545454545456  46.0994812633678  44.7379174705384
1.7706060606060607  46.97230017468919  43.676307807447664
1.7957575757575759  53.21028284314063  39.9645331461891
1.820909090909091  46.17026718859992  44.69862298104913
1.8460606060606062  46.4950185844444  44.89460588526848
1.8712121212121213  48.098208379619045  44.550690239596605
1.8963636363636365  46.37029664123615  44.359709808939115
1.9215151515151516  46.43891619708999  42.13266852844892
1.9466666666666668  46.50854831165495  38.67803231368858
1.971818181818182  52.54336363092817  43.73182205244972
1.996969696969697  48.5353403485459  44.666415296052946
2.022121212121212  46.85631395950926  44.783221943221534
2.0472727272727274  47.19045774592486  43.61994614385227
2.0724242424242423  47.3630353541374  44.68116844026954
2.0975757575757576  47.31721630656239  42.298109151995085
2.1227272727272726  47.05435431790107  40.23320589533648
2.147878787878788  47.102851406206184  41.19095948729149
2.173030303030303  47.18165238593457  42.925165865374325
2.1981818181818182  52.66519480007763  40.05524951416557
2.223333333333333  53.384857171577394  39.15286799034105
2.2484848484848485  47.42338983524294  43.95453845193834
2.2736363636363635  47.83029188389887  43.639714933858066
2.298787878787879  67.88410881477778  43.2012540417453
2.3239393939393937  47.67211106732545  41.6867875121799
2.349090909090909  47.75630262403118  36.09503168607022
2.374242424242424  47.84102856091857  41.34717592893434
2.3993939393939394  47.92621982002116  41.66306281471547
2.424545454545455  48.256567897085304  44.37791860473271
2.4496969696969697  48.09771145355299  42.1751364505277
2.474848484848485  48.1838645772027  44.442779143067696
2.5  48.27018951177282  41.97603344729437
