5.381818181818182056e-01 4.253762486439512713e+01 4.239226437796089897e+01
5.633333333333333526e-01 4.270496243557538207e+01 4.256303516826180555e+01
5.884848484848484995e-01 4.298318002301444807e+01 4.267337040242045987e+01
6.136363636363637575e-01 4.296126723442311146e+01 4.278525135588296990e+01
6.387878787878789044e-01 4.318890588762624105e+01 4.288996812266335468e+01
6.639393939393940514e-01 4.323041728763727320e+01 4.297382822678009973e+01
6.890909090909091983e-01 4.320961918199394347e+01 4.279333026197319612e+01
7.142424242424243452e-01 4.438942396394489265e+01 4.307284840603901444e+01
7.393939393939394922e-01 4.375307424512112675e+01 4.309452027266101481e+01
7.645454545454546391e-01 4.356790619838188405e+01 4.330032662014188105e+01
7.896969696969697861e-01 4.369493998189337702e+01 4.329811062279605949e+01
8.148484848484849330e-01 4.381386756999739873e+01 4.351730112437763864e+01
8.400000000000000799e-01 4.379081254533867451e+01 4.353840163334767510e+01
8.651515151515152269e-01 4.392504789100793516e+01 4.310978167204035572e+01
8.903030303030303738e-01 4.612835921868856559e+01 4.215842582085367241e+01
9.154545454545455208e-01 4.707663188400639598e+01 4.351735485603931863e+01
9.406060606060606677e-01 4.451971317464732891e+01 4.385154628237072671e+01
9.657575757575758146e-01 4.412429056801533278e+01 4.328134954755127950e+01
9.909090909090909616e-01 4.452963980557608181e+01 4.395455037244430230e+01
1.016060606060606109e+00 4.617016752523650069e+01 4.371986861132587876e+01
1.041212121212121255e+00 4.439323396719813530e+01 4.405243071311898007e+01
1.066363636363636402e+00 4.464208873617065620e+01 4.282339381059794903e+01
1.091515151515151549e+00 4.454498311450653603e+01 4.399940826875496924e+01
1.116666666666666696e+00 4.461095892516764394e+01 4.422143345195185304e+01
1.141818181818181843e+00 4.477136044252279845e+01 4.419119066909890847e+01
1.192121212121212137e+00 4.486537662411074479e+01 4.402076785865619257e+01
1.217272727272727506e+00 4.503989840542435985e+01 4.419058244723304085e+01
1.242424242424242653e+00 4.517749264079699145e+01 4.408455048442287705e+01
1.267575757575757800e+00 4.567380674193083223e+01 4.450234158202638923e+01
1.292727272727272947e+00 4.534672231576973189e+01 4.456441940031471916e+01
1.317878787878788094e+00 4.547335035147955296e+01 4.319830162256859296e+01
1.343030303030303241e+00 4.914336974576442429e+01 4.373660556181206971e+01
1.368181818181818388e+00 4.569970059880187563e+01 4.407542029184302379e+01
1.393333333333333535e+00 4.661873223467343053e+01 4.448587522901889457e+01
1.418484848484848682e+00 4.643324231489441445e+01 4.450095242483988045e+01
1.443636363636363829e+00 4.532212637444806802e+01 4.332825654537624871e+01
1.468787878787878975e+00 4.547078529362481447e+01 4.326903194254217055e+01
1.493939393939394122e+00 4.546761053440301481e+01 4.366972029343277484e+01
1.544242424242424416e+00 4.562985777844217949e+01 4.393962639578973750e+01
1.569393939393939563e+00 4.619858342792094419e+01 4.444975644617665722e+01
1.644848484848485004e+00 4.606777364878703196e+01 4.281027629805887358e+01
1.670000000000000151e+00 4.673104289177887694e+01 4.442121116646006840e+01
1.770606060606060739e+00 4.697230017468918817e+01 4.367630780744766383e+01
1.871212121212121327e+00 4.809820837961904516e+01 4.455069023959660512e+01
1.896363636363636473e+00 4.637029664123615191e+01 4.435970980893911531e+01
1.921515151515151620e+00 4.643891619708998775e+01 4.213266852844891730e+01
