1.000000000000000021e-02 3.319748171635418288e+01 3.319686412169226486e+01
3.515151515151515582e-02 3.596925363884932381e+01 3.596713461418003988e+01
6.030303030303030970e-02 3.718179871948039050e+01 3.717824883205771158e+01
8.545454545454546358e-02 3.797793797916649794e+01 3.797302325112995902e+01
1.106060606060606105e-01 3.857597229295500796e+01 3.856975436128292500e+01
1.357575757575757713e-01 3.905743283693058032e+01 3.904996913744803777e+01
1.609090909090909460e-01 3.946182844100417242e+01 3.945317240489161748e+01
1.860606060606060930e-01 3.981134455420437490e+01 3.980154575988708388e+01
2.112121212121212399e-01 4.011969924072560900e+01 4.010880399154926579e+01
2.363636363636363869e-01 4.039597616401425739e+01 4.038402715232021478e+01
2.615151515151515338e-01 4.064650615310369375e+01 4.063354337689688833e+01
2.866666666666666807e-01 4.087588204824344018e+01 4.086194236541548719e+01
3.118181818181818832e-01 4.108754563257426184e+01 4.107266032152807611e+01
3.369696969696970301e-01 4.128413639977500083e+01 4.126834403931886897e+01
3.621212121212121771e-01 4.146774228651249672e+01 4.145106467348833945e+01
3.872727272727273240e-01 4.164001824502167182e+01 4.162249470714917976e+01
4.124242424242424709e-01 4.180233697444443663e+01 4.178397482639480387e+01
4.375757575757576179e-01 4.195579057862897798e+01 4.193664030483161298e+01
4.627272727272727648e-01 4.210133884828845652e+01 4.208140239900675539e+01
4.878787878787879118e-01 4.223975951308156596e+01 4.221906695304843993e+01
5.130303030303030587e-01 4.237316172350329424e+01 4.234890923778045391e+01
5.381818181818182056e-01 4.249780666963987130e+01 4.247568604143786786e+01
5.633333333333333526e-01 4.261852816528177357e+01 4.259571439890268607e+01
5.884848484848484995e-01 4.273437398297538437e+01 4.271076674185670186e+01
6.136363636363637575e-01 4.284553230217659348e+01 4.282140777573357582e+01
6.387878787878789044e-01 4.295257573420627750e+01 4.292777320886102643e+01
6.639393939393940514e-01 4.305566078673987107e+01 4.303028758132575859e+01
6.890909090909091983e-01 4.315515473056414919e+01 4.312912600705280397e+01
7.142424242424243452e-01 4.325170120550307473e+01 4.322416775158134072e+01
7.393939393939394922e-01 4.334415380762537495e+01 4.331691725587447195e+01
7.645454545454546391e-01 4.343397910696013042e+01 4.340635806901858729e+01
7.896969696969697861e-01 4.352112582303092836e+01 4.349288352437189076e+01
8.148484848484849330e-01 4.360552440526384999e+01 4.357689024930027699e+01
8.400000000000000799e-01 4.368744798504492621e+01 4.365838035489768743e+01
8.651515151515152269e-01 4.376727538725720734e+01 4.373724892983231172e+01
8.903030303030303738e-01 4.384722287638327742e+01 4.381164385387418037e+01
9.154545454545455208e-01 4.392270060918693986e+01 4.388623269829363238e+01
9.406060606060606677e-01 4.399291978790500934e+01 4.396199446157638135e+01
9.657575757575758146e-01 4.406429913995696523e+01 4.403281914135072128e+01
9.909090909090909616e-01 4.413367768823364656e+01 4.410206154816233948e+01
1.016060606060606109e+00 4.420261091234029038e+01 4.416827069886117840e+01
1.041212121212121255e+00 4.426742688945228821e+01 4.423523562443913448e+01
1.066363636363636402e+00 4.433260605999024762e+01 4.429868394098847517e+01
1.091515151515151549e+00 4.439490978086542583e+01 4.436203696717092981e+01
1.116666666666666696e+00 4.445639441263976721e+01 4.442329711368563494e+01
1.141818181818181843e+00 4.451653069584468625e+01 4.448311745596922862e+01
1.166969696969696990e+00 4.458562573639677140e+01 4.453119824973855856e+01
1.192121212121212137e+00 4.463287637384787843e+01 4.459880494596191625e+01
1.217272727272727506e+00 4.468920536087899364e+01 4.465476683657032453e+01
1.242424242424242653e+00 4.474384511438444179e+01 4.470892202692614603e+01
1.267575757575757800e+00 4.479848486788988282e+01 4.476307721728197464e+01
1.292727272727272947e+00 4.485091065614429340e+01 4.481607728303815463e+01
1.317878787878788094e+00 4.490397959015210461e+01 4.486626362095276477e+01
1.343030303030303241e+00 4.495402218053287413e+01 4.491655326916924196e+01
1.368181818181818388e+00 4.500406477091365076e+01 4.496684291738571204e+01
1.393333333333333535e+00 4.505196764403350329e+01 4.501455612927949801e+01
1.418484848484848682e+00 4.509987051715334871e+01 4.506226934117328398e+01
1.443636363636363829e+00 4.514777339027320124e+01 4.510998255306706994e+01
1.468787878787878975e+00 4.519336877851468159e+01 4.515566904309882545e+01
1.493939393939394122e+00 4.523896416675616905e+01 4.520135553313057386e+01
1.519090909090909269e+00 4.529097260928834601e+01 4.523829907046362564e+01
1.544242424242424416e+00 4.533064244279287891e+01 4.528509570805647400e+01
1.569393939393939563e+00 4.537031227629740471e+01 4.533189234564931525e+01
1.594545454545454710e+00 4.541217772624180071e+01 4.537435471719295066e+01
1.619696969696969857e+00 4.545457177712523844e+01 4.541409177459620139e+01
1.644848484848485004e+00 4.549696582800867617e+01 4.545382883199945212e+01
1.670000000000000151e+00 4.553592385352913396e+01 4.549508669840499664e+01
1.695151515151515298e+00 4.557495004104001168e+01 4.553495922694524722e+01
1.720303030303030445e+00 4.561394072575881609e+01 4.557351207295040041e+01
1.745454545454545592e+00 4.565204297137096034e+01 4.561173235026338091e+01
1.770606060606060739e+00 4.569094756329661067e+01 4.564798472218597425e+01
1.795757575757575886e+00 4.574260830559045843e+01 4.567037994987835958e+01
1.820909090909091033e+00 4.577133111129361964e+01 4.571391328531342424e+01
1.846060606060606180e+00 4.580005391699677375e+01 4.575744662074849600e+01
1.871212121212121327e+00 4.583703996450163487e+01 4.579115307897867382e+01
1.896363636363636473e+00 4.587359091954110824e+01 4.582361781198351736e+01
1.921515151515151620e+00 4.591014187458058160e+01 4.585608254498836089e+01
1.946666666666666767e+00 4.595030916003784682e+01 4.588344084032385695e+01
1.971818181818181914e+00 4.598219507519097959e+01 4.591851521411545178e+01
1.996969696969697061e+00 4.601260634580455644e+01 4.595282147674016215e+01
2.022121212121211986e+00 4.604301761641812618e+01 4.598712773936487253e+01
2.047272727272727355e+00 4.607342888703170303e+01 4.602143400198958290e+01
2.072424242424242280e+00 4.610595671956490094e+01 4.605140021519093807e+01
2.097575757575757649e+00 4.613848455209809885e+01 4.608136642839229324e+01
2.122727272727272574e+00 4.617016184036204152e+01 4.611052251730177431e+01
2.147878787878787943e+00 4.620183912862598419e+01 4.613967860621125539e+01
2.173030303030302868e+00 4.623608674724913215e+01 4.616470499177717102e+01
2.198181818181818237e+00 4.627033436587228010e+01 4.618973137734308665e+01
2.223333333333333162e+00 4.629770422828943310e+01 4.621892800756906183e+01
2.248484848484848531e+00 4.632507409070659321e+01 4.624812463779502991e+01
2.273636363636363455e+00 4.635244395312374621e+01 4.627732126802100510e+01
2.298787878787878824e+00 4.637981381554090632e+01 4.630651789824697317e+01
2.323939393939393749e+00 4.640718367795805932e+01 4.633571452847294836e+01
2.349090909090909118e+00 4.644625820987855747e+01 4.635089483584395254e+01
2.374242424242424043e+00 4.646938463617750159e+01 4.638098420859867588e+01
2.399393939393939412e+00 4.649251106247644572e+01 4.641107358135340633e+01
2.424545454545454781e+00 4.651563748877538984e+01 4.644116295410812967e+01
2.449696969696969706e+00 4.651563748877538984e+01 4.644116295410812967e+01
2.474848484848485075e+00 4.651563748877538984e+01 4.644116295410812967e+01
2.500000000000000000e+00 4.651563748877538984e+01 4.644116295410812967e+01
