0.01  33.19748171635418  33.196864121692265
0.035151515151515156  35.969253638849324  35.96713461418004
0.06030303030303031  37.18179871948039  37.17824883205771
0.08545454545454546  37.9779379791665  37.97302325112996
0.11060606060606061  38.57597229295501  38.569754361282925
0.13575757575757577  39.05743283693058  39.04996913744804
0.16090909090909095  39.46182844100417  39.45317240489162
0.1860606060606061  39.811344554204375  39.801545759887084
0.21121212121212124  40.11969924072561  40.108803991549266
0.2363636363636364  40.39597616401426  40.384027152320215
0.26151515151515153  40.646506153103694  40.63354337689689
0.2866666666666667  40.87588204824344  40.86194236541549
0.3118181818181819  41.08754563257426  41.072660321528076
0.33696969696969703  41.284136399775  41.26834403931887
0.3621212121212122  41.4677422865125  41.45106467348834
0.3872727272727273  41.64001824502167  41.62249470714918
0.41242424242424247  41.80233697444444  41.783974826394804
0.4375757575757576  41.95579057862898  41.93664030483161
0.46272727272727276  42.10133884828846  42.081402399006755
0.4878787878787879  42.239759513081566  42.21906695304844
0.5130303030303031  42.373161723503294  42.348909237780454
0.5381818181818182  42.49780666963987  42.47568604143787
0.5633333333333334  42.618528165281774  42.595714398902686
0.5884848484848485  42.734373982975384  42.7107667418567
0.6136363636363638  42.84553230217659  42.821407775733576
0.6387878787878789  42.95257573420628  42.927773208861026
0.663939393939394  43.05566078673987  43.03028758132576
0.6890909090909092  43.15515473056415  43.129126007052804
0.7142424242424243  43.251701205503075  43.22416775158134
0.7393939393939395  43.344153807625375  43.31691725587447
0.7645454545454546  43.43397910696013  43.40635806901859
0.7896969696969698  43.52112582303093  43.49288352437189
0.8148484848484849  43.60552440526385  43.57689024930028
0.8400000000000001  43.687447985044926  43.65838035489769
0.8651515151515152  43.76727538725721  43.73724892983231
0.8903030303030304  43.84722287638328  43.81164385387418
0.9154545454545455  43.92270060918694  43.88623269829363
0.9406060606060607  43.99291978790501  43.96199446157638
0.9657575757575758  44.064299139956965  44.03281914135072
0.990909090909091  44.13367768823365  44.10206154816234
1.016060606060606  44.20261091234029  44.16827069886118
1.0412121212121213  44.26742688945229  44.235235624439134
1.0663636363636364  44.33260605999025  44.298683940988475
1.0915151515151515  44.394909780865426  44.36203696717093
1.1166666666666667  44.45639441263977  44.423297113685635
1.1418181818181818  44.516530695844686  44.48311745596923
1.166969696969697  44.58562573639677  44.53119824973856
1.1921212121212121  44.63287637384788  44.598804945961916
1.2172727272727275  44.689205360878994  44.654766836570325
1.2424242424242427  nan  nan
1.2675757575757578  44.79848486788988  44.763077217281975
1.292727272727273  44.85091065614429  44.816077283038155
1.317878787878788  44.903979590152105  44.866263620952765
1.3430303030303032  nan  nan
1.3681818181818184  45.00406477091365  44.96684291738571
1.3933333333333335  nan  nan
1.4184848484848487  nan  nan
1.4436363636363638  45.1477733902732  45.10998255306707
1.468787878787879  nan  nan
1.4939393939393941  45.23896416675617  45.201355533130574
1.5190909090909093  45.290972609288346  45.238299070463626
1.5442424242424244  nan  nan
1.5693939393939396  45.370312276297405  45.331892345649315
1.5945454545454547  45.4121777262418  45.37435471719295
1.6196969696969699  nan  nan
1.644848484848485  45.496965828008676  45.45382883199945
1.6700000000000002  45.535923853529134  45.495086698405
1.6951515151515153  45.57495004104001  45.53495922694525
1.7203030303030304  45.613940725758816  45.5735120729504
1.7454545454545456  45.65204297137096  45.61173235026338
1.7706060606060607  45.69094756329661  45.647984722185974
1.7957575757575759  45.74260830559046  45.67037994987836
1.820909090909091  nan  nan
1.8460606060606062  45.800053916996774  45.757446620748496
1.8712121212121213  45.837039964501635  45.791153078978674
1.8963636363636365  nan  nan
1.9215151515151516  45.91014187458058  45.85608254498836
1.9466666666666668  45.95030916003785  45.88344084032386
1.971818181818182  45.98219507519098  45.91851521411545
1.996969696969697  nan  nan
2.022121212121212  nan  nan
2.0472727272727274  46.0734288870317  46.02143400198958
2.0724242424242423  nan  nan
2.0975757575757576  46.1384845520981  46.08136642839229
2.1227272727272726  nan  nan
2.147878787878788  46.201839128625984  46.139678606211255
2.173030303030303  nan  nan
2.1981818181818182  46.27033436587228  46.18973137734309
2.223333333333333  nan  nan
2.2484848484848485  nan  nan
2.2736363636363635  nan  nan
2.298787878787879  nan  nan
2.3239393939393937  46.40718367795806  46.33571452847295
2.349090909090909  46.44625820987856  46.35089483584395
2.374242424242424  nan  nan
2.3993939393939394  nan  nan
2.424545454545455  46.51563748877539  46.44116295410813
2.4496969696969697  nan  nan
2.474848484848485  nan  nan
2.5  nan  nan
