-0.6898358330841878
-0.6888480548634339
-0.6878602766426799
-0.686872498421926
-0.685884720201172
-0.6848969419804181
-0.683909163759664
-0.6829213855389101
-0.6819336073181561
-0.6809458290974022
-0.6799580508766482
-0.6789702726558943
-0.6779824944351402
-0.6769947162143863
-0.6760069379936323
-0.6750191597728784
-0.6740313815521244
-0.6730436033313705
-0.6720558251106165
-0.6710680468898625
-0.6700802686691085
-0.6690924904483546
-0.6681047122276006
-0.6671169340068467
-0.6661291557860927
-0.6651413775653388
-0.6641535993445848
-0.6631658211238308
-0.6621780429030769
-0.6611902646823229
-0.660202486461569
-0.659214708240815
-0.658226930020061
-0.657239151799307
-0.6562513735785531
-0.6552635953577991
-0.6542758171370452
-0.6532880389162912
-0.6523002606955373
-0.6513124824747832
-0.6503247042540293
-0.6493369260332753
-0.6483491478125214
-0.6473613695917674
-0.6463735913710135
-0.6453858131502594
-0.6443980349295055
-0.6434102567087516
-0.6424224784879976
-0.6414347002672437
-0.6404469220464897
-0.6394591438257358
-0.6384713656049817
-0.6374835873842278
-0.6364958091634738
-0.6355080309427199
-0.6345202527219659
-0.633532474501212
-0.632544696280458
-0.631556918059704
-0.63056913983895
-0.6295813616181961
-0.6285935833974421
-0.6276058051766882
-0.6266180269559342
-0.6256302487351802
-0.6246424705144262
-0.6236546922936723
-0.6226669140729184
-0.6216791358521644
-0.6206913576314104
-0.6197035794106565
-0.6187158011899025
-0.6177280229691485
-0.6167402447483946
-0.6157524665276406
-0.6147646883068867
-0.6137769100861327
-0.6127891318653788
-0.6118013536446247
-0.6108135754238708
-0.6098257972031168
-0.6088380189823629
-0.6078502407616089
-0.606862462540855
-0.6058746843201009
-0.604886906099347
-0.603899127878593
-0.6029113496578391
-0.6019235714370851
-0.6009357932163312
-0.5999480149955772
-0.5989602367748232
-0.5979724585540693
-0.5969846803333153
-0.5959969021125613
-0.5950091238918074
-0.5940213456710535
-0.5930335674502994
-0.5920457892295455
-0.5910580110087915
-0.5900702327880376
-0.5890824545672836
-0.5880946763465297
-0.5871068981257757
-0.5861191199050217
-0.5851313416842677
-0.5841435634635138
-0.5831557852427598
-0.5821680070220059
-0.5811802288012519
-0.580192450580498
-0.5792046723597439
-0.57821689413899
-0.5772291159182361
-0.5762413376974821
-0.5752535594767281
-0.5742657812559742
-0.5732780030352203
-0.5722902248144662
-0.5713024465937123
-0.5703146683729583
-0.5693268901522044
-0.5683391119314504
-0.5673513337106965
-0.5663635554899424
-0.5653757772691885
-0.5643879990484345
-0.5634002208276806
-0.5624124426069266
-0.5614246643861727
-0.5604368861654186
-0.5594491079446647
-0.5584613297239107
-0.5574735515031568
-0.5564857732824029
-0.5554979950616489
-0.5545102168408949
-0.5535224386201409
-0.552534660399387
-0.551546882178633
-0.550559103957879
-0.5495713257371251
-0.5485835475163712
-0.5475957692956172
-0.5466079910748631
-0.5456202128541092
-0.5446324346333553
-0.5436446564126013
-0.5426568781918474
-0.5416690999710934
-0.5406813217503394
-0.5396935435295854
-0.5387057653088315
-0.5377179870880775
-0.5367302088673236
-0.5357424306465696
-0.5347546524258157
-0.5337668742050616
-0.5327790959843077
-0.5317913177635538
-0.5308035395427998
-0.5298157613220458
-0.5288279831012919
-0.527840204880538
-0.5268524266597839
-0.5258646484390299
-0.524876870218276
-0.5238890919975221
-0.5229013137767681
-0.5219135355560142
-0.5209257573352601
-0.5199379791145062
-0.5189502008937522
-0.5179624226729983
-0.5169746444522443
-0.5159868662314904
-0.5149990880107364
-0.5140113097899824
-0.5130235315692284
-0.5120357533484745
-0.5110479751277206
-0.5100601969069666
-0.5090724186862126
-0.5080846404654586
-0.5070968622447047
-0.5061090840239507
-0.5051213058031967
-0.5041335275824428
-0.5031457493616889
-0.5021579711409349
-0.5011701929201808
-0.5001824146994269
-0.499194636478673
-0.498206858257919
-0.4972190800371651
-0.49623130181641106
-0.49524352359565715
-0.49425574537490313
-0.4932679671541492
-0.4922801889333952
-0.4912924107126413
-0.49030463249188727
-0.48931685427113336
-0.4883290760503794
-0.48734129782962543
-0.48635351960887147
-0.4853657413881175
-0.48437796316736353
-0.48339018494660957
-0.4824024067258556
-0.48141462850510164
-0.4804268502843477
-0.4794390720635937
-0.47845129384283974
-0.4774635156220858
-0.47647573740133187
-0.47548795918057785
-0.47450018095982394
-0.4735124027390699
-0.472524624518316
-0.471536846297562
-0.4705490680768081
-0.46956128985605405
-0.46857351163530014
-0.4675857334145461
-0.4665979551937922
-0.46561017697303825
-0.4646223987522843
-0.4636346205315303
-0.46264684231077635
-0.4616590640900224
-0.4606712858692684
-0.45968350764851446
-0.4586957294277605
-0.4577079512070065
-0.45672017298625256
-0.4557323947654986
-0.45474461654474463
-0.4537568383239907
-0.4527690601032367
-0.4517812818824828
-0.45079350366172877
-0.44980572544097486
-0.44881794722022084
-0.4478301689994669
-0.4468423907787129
-0.445854612557959
-0.444866834337205
-0.44387905611645107
-0.44289127789569704
-0.44190349967494313
-0.44091572145418917
-0.4399279432334352
-0.43894016501268124
-0.4379523867919273