0.5223182282537819
0.5264274889366963
0.5305367496196108
0.5346460103025252
0.5387552709854396
0.542864531668354
0.5469737923512685
0.5510830530341829
0.5551923137170973
0.5593015744000118
0.5634108350829262
0.5675200957658406
0.5716293564487551
0.5757386171316695
0.5798478778145839
0.5839571384974983
0.5880663991804128
0.5921756598633272
0.5962849205462416
0.6003941812291561
0.6045034419120705
0.6086127025949849
0.6127219632778993
0.6168312239608138
0.6209404846437282
0.6250497453266426
0.6291590060095571
0.6332682666924715
0.6373775273753859
0.6414867880583004
0.6455960487412148
0.6497053094241292
0.6538145701070437
0.6579238307899581
0.6620330914728725
0.666142352155787
0.6702516128387014
0.6743608735216158
0.6784701342045302
0.6825793948874446
0.6866886555703591
0.6907979162532735
0.6949071769361879
0.6990164376191024
0.7031256983020168
0.7072349589849312
0.7113442196678457
0.7154534803507601
0.7195627410336745
0.723672001716589
0.7277812623995034
0.7318905230824178
0.7359997837653323
0.7401090444482467
0.744218305131161
0.7483275658140754
0.7524368264969898
0.7565460871799043
0.7606553478628187
0.7647646085457331
0.7688738692286476
0.772983129911562
0.7770923905944764
0.7812016512773909
0.7853109119603053
0.7894201726432197
0.7935294333261342
0.7976386940090486
0.801747954691963
0.8058572153748775
0.8099664760577919
0.8140757367407063
0.8181849974236208
0.8222942581065351
0.8264035187894496
0.8305127794723641
0.8346220401552784
0.8387313008381929
0.8428405615211073
0.8469498222040217
0.8510590828869362
0.8551683435698506
0.859277604252765
0.8633868649356795
0.8674961256185939
0.8716053863015083
0.8757146469844228
0.8798239076673372
0.8839331683502516
0.8880424290331661
0.8921516897160804
0.8962609503989949
0.9003702110819094
0.9044794717648237
0.9085887324477382
0.9126979931306526
0.916807253813567
0.9209165144964815
0.9250257751793959
0.9291350358623103
0.9332442965452248
0.9373535572281392
0.9414628179110536
0.9455720785939681
0.9496813392768825
0.9537905999597969
0.9578998606427114
0.9620091213256258
0.9661183820085402
0.9702276426914547
0.974336903374369
0.9784461640572835
0.9825554247401979
0.9866646854231123
0.9907739461060268
0.9948832067889412
0.9989924674718555
1.00310172815477
1.0072109888376843
1.0113202495205988
1.0154295102035134
1.0195387708864279
1.0236480315693421
1.0277572922522566
1.031866552935171
1.0359758136180854
1.040085074301
1.0441943349839145
1.0483035956668287
1.052412856349743
1.0565221170326575
1.060631377715572
1.0647406383984865
1.0688498990814008
1.0729591597643153
1.0770684204472296
1.0811776811301441
1.0852869418130586
1.0893962024959731
1.0935054631788874
1.097614723861802
1.1017239845447162
1.1058332452276307
1.1099425059105452
1.1140517665934597
1.118161027276374
1.1222702879592883
1.1263795486422028
1.1304888093251173
1.1345980700080318
1.1387073306909463
1.1428165913738606
1.1469258520567749
1.1510351127396894
1.155144373422604
1.1592536341055184
1.1633628947884327
1.1674721554713472
1.1715814161542615
1.175690676837176
1.1797999375200905
1.183909198203005
1.1880184588859193
1.1921277195688336
1.196236980251748
1.2003462409346626
1.204455501617577
1.2085647623004916
1.2126740229834059
1.2167832836663202
1.2208925443492347
1.2250018050321492
1.2291110657150637
1.233220326397978
1.2373295870808925
1.2414388477638068
1.2455481084467213
1.2496573691296358
1.2537666298125503
1.2578758904954646
1.2619851511783788
1.2660944118612933
1.2702036725442079
1.2743129332271224
1.2784221939100369
1.2825314545929511
1.2866407152758654
1.29074997595878
1.2948592366416944
1.298968497324609
1.3030777580075232
1.3071870186904377
1.311296279373352
1.3154055400562665
1.319514800739181
1.3236240614220955
1.3277333221050098
1.3318425827879241
1.3359518434708386
1.3400611041537531
1.3441703648366676
1.3482796255195821
1.3523888862024964
1.3564981468854107
1.3606074075683252
1.3647166682512397
1.3688259289341542
1.3729351896170685
1.377044450299983
1.3811537109828973
1.3852629716658118
1.3893722323487263
1.3934814930316408
1.397590753714555
1.4017000143974696
1.405809275080384
1.4099185357632984
1.414027796446213
1.4181370571291274
1.4222463178120417
1.426355578494956
1.4304648391778705
1.434574099860785
1.4386833605436995
1.4427926212266138
1.4469018819095283
1.4510111425924426
1.455120403275357
1.4592296639582716
1.463338924641186
1.4674481853241004
1.4715574460070149
1.4756667066899292
1.4797759673728437
1.4838852280557582
1.4879944887386727
1.492103749421587
1.4962130101045013
1.5003222707874158
1.5044315314703303
1.5085407921532448
1.5126500528361593
1.5167593135190736
1.5208685742019878
1.5249778348849024
1.5290870955678169
1.5331963562507314
1.5373056169336456
1.5414148776165602
1.5455241382994744
1.549633398982389
1.5537426596653034
1.5578519203482177
1.5619611810311322
1.5660704417140467
1.570179702396961