1.0  0.0  -0.7815839067707471  1.9331795141546702  -1.995917265526621  4.12365261127365  1123.1652690321207
1.0  0.0  -0.7814264765066864  1.9449854691502928  -1.9696116106071577  4.110953876139698  1119.6662181168795
1.0  0.0  -0.7814264765066864  1.9449854691502928  -1.9696116106071577  4.110953876139698  1119.6662181168795
1.0  0.0  -0.7811935271296487  1.9917080878519309  -1.9661928750733186  4.097390161834301  1111.3450578004122
1.0  0.0  -0.7811935271296487  1.9917080878519309  -1.9661928750733186  4.097390161834301  1111.3450578004122
1.0  0.0  -0.763848828772409  2.0230560101058903  -1.8972842018670777  4.225210856582124  1095.2996857315302
1.0  0.0  -0.7660823161403781  2.045138521832813  -1.8132949678049768  4.298375470661462  1092.2660388350487
1.0  0.0  -0.7690817844173731  2.083253800492752  -1.828392160479469  4.299577331418614  1090.5772046595812
1.0  0.0  -0.7596771629617172  2.0617283581107775  -1.8818824042809288  4.509467389177836  1088.874991774559
1.0  0.0  -0.7596771629617172  2.0617283581107775  -1.8818824042809288  4.509467389177836  1088.874991774559
1.0  0.0  -0.7596771629617172  2.0617283581107775  -1.8818824042809288  4.509467389177836  1088.874991774559
1.0  0.0  -0.7547001101181315  2.0823090369375414  -1.8822807317443606  4.6042379576339325  1085.523041203618
1.0  0.0  -0.763125649976817  2.1343111779062487  -1.8529316740210093  4.587213975267632  1084.7466273903847
1.0  0.0  -0.763125649976817  2.1343111779062487  -1.8529316740210093  4.587213975267632  1084.7466273903847
1.0  0.0  -0.7616637474005539  2.159351741721871  -1.8146336206953058  4.6870079657184425  1082.5819025486708
1.0  0.0  -0.7554829423281889  2.1473042497162407  -1.7477292170675913  4.572346434721167  1081.2614786326885
1.0  0.0  -0.7434135751196127  2.148377400125589  -1.7828234946224224  4.642447010229405  1079.0449227392673
1.0  0.0  -0.7482008904370311  2.136951274631629  -1.7039144056133184  4.693379904279147  1079.6476187556982
1.0  0.0  -0.7267540341504968  2.156706064459556  -1.8221975752596313  4.778276621342206  1077.0130014121532
1.0  0.0  -0.7267540341504968  2.156706064459556  -1.8221975752596313  4.778276621342206  1077.0130014121532
1.0  0.0  -0.7267540341504968  2.156706064459556  -1.8221975752596313  4.778276621342206  1077.0130014121532
1.0  0.0  -0.7267540341504968  2.156706064459556  -1.8221975752596313  4.778276621342206  1077.0130014121532
1.0  0.0  -0.7267540341504968  2.156706064459556  -1.8221975752596313  4.778276621342206  1077.0130014121532
1.0  0.0  -0.7147480996105922  2.183138204161482  -1.7918394379095988  4.8700000996883315  1076.5127536207438
1.0  0.0  -0.7175012134791589  2.1545019933925307  -1.8234642883308372  4.974874270600482  1076.5150434225798
1.0  0.0  -0.7163119234169865  2.149967377574814  -1.7886013638758937  4.957244657416216  1076.403267160058
1.0  0.0  -0.7139272389946087  2.1072932070696013  -1.7626447577837485  4.939333044408372  1076.317194312811
1.0  0.0  -0.7075177318596702  2.125837308520361  -1.76278443577991  4.813339739251802  1076.1749183237553
1.0  0.0  -0.7012638038067045  2.148048876851126  -1.7823412893128656  4.901676309832168  1076.5397247821093
1.0  0.0  -0.7030115884980883  2.1563003723542966  -1.8729047985981953  5.014953162629017  1076.6956180930138
1.0  0.0  -0.7030115884980883  2.1563003723542966  -1.8729047985981953  5.014953162629017  1076.6956180930138
1.0  0.0  -0.698399325060666  2.169999986599183  -1.7898715036088944  5.162475771969499  1077.2456851750612
1.0  0.0  -0.7189787330290973  2.171224273958583  -1.6818239996583013  5.243934482847853  1076.4077241271734
1.0  0.0  -0.7236488616023519  2.177245964989315  -1.6276497078008543  5.118940757239654  1076.3667246550322
1.0  0.0  -0.7005578778406004  2.195268925359  -1.6641519598072332  5.046919427266796  1077.5580792278051
1.0  0.0  -0.7005578778406004  2.195268925359  -1.6641519598072332  5.046919427266796  1077.5580792278051
1.0  0.0  -0.7096399440719816  2.206825768374381  -1.552410208715004  5.075303428539864  1077.1452704966068
1.0  0.0  -0.7074110062713198  2.2195438404047834  -1.499098502808131  5.055423208344063  1077.627622783184
1.0  0.0  -0.702843930229647  2.2594405341940664  -1.5257491570692583  5.031647029216814  1079.1177839785814
1.0  0.0  -0.7220754711744745  2.2052624132149607  -1.4857059900419567  5.031374360883435  1076.4962305277586
1.0  0.0  -0.7251803208693842  2.2138614179322973  -1.5193573956147102  5.1126822709960535  1076.577206224203
1.0  0.0  -0.7372119017418092  2.223949723694648  -1.5019412378871415  5.112622755731405  1076.6985533982515
1.0  0.0  -0.7418398682159253  2.177979815451395  -1.4833663870866545  5.069894940940413  1076.9964321553707
1.0  0.0  -0.742234989292161  2.1908335612893985  -1.4865297461611844  5.0499537241190815  1076.9606102257967
1.0  0.0  -0.7414438673619931  2.218099614928846  -1.5296041086783614  5.027025213892377  1076.8796768933535
1.0  0.0  -0.7330629306122882  2.179901433132757  -1.5242050580867705  4.990493664300209  1076.4935307353735
1.0  0.0  -0.735732915544758  2.2198526346400613  -1.5118408511117627  5.0032548273739454  1076.621649235487
1.0  0.0  -0.7407634751027795  2.189510700570744  -1.506494523719819  5.060290722263839  1076.8927382230759
1.0  0.0  -0.7519513153889308  2.1840854724118537  -1.5073559327757506  5.151538074297745  1078.0070233494043
1.0  0.0  -0.7519513153889308  2.1840854724118537  -1.5073559327757506  5.151538074297745  1078.0070233494043
1.0  0.0  -0.7601840884113973  2.2270529866816724  -1.5016479958378373  5.025830798343375  1078.4983286559582
1.0  0.0  -0.7601840884113973  2.2270529866816724  -1.5016479958378373  5.025830798343375  1078.4983286559582
1.0  0.0  -0.7500175989338462  2.23189520281744  -1.5608741391390955  4.82379709623614  1077.5132169127464
1.0  0.0  -0.7432129083792486  2.2736523359974488  -1.575055647592336  4.862362094490103  1076.9980356544256
1.0  0.0  -0.739820145865227  2.220256324008882  -1.522538191271542  4.854025648495716  1076.769224613905
1.0  0.0  -0.7382843714063256  2.2201574984752535  -1.5774152164597555  4.94199533655889  1076.7759243994951
1.0  0.0  -0.7357239596818854  2.2554676999568923  -1.6077359432415055  4.978322856325716  1076.833779618144
1.0  0.0  -0.7389855427093163  2.2303330111701154  -1.6072127634278486  4.927956194055228  1076.8415462225676
1.0  0.0  -0.7519781204317412  2.1932084104824088  -1.5929811408200252  4.933590552247279  1078.2476568073034
1.0  0.0  -0.7459492147923616  2.1954878876367507  -1.5702726616551734  4.922187702124982  1077.4556891322136
1.0  0.0  -0.7388935639354562  2.176298635940467  -1.655651783103647  5.001004806562398  1077.1817111372948
1.0  0.0  -0.7408576025602766  2.2260757244015394  -1.7503805010091662  5.039990248707721  1077.2103301137686
1.0  0.0  -0.7357766185728514  2.2004347220435228  -1.5774536778031554  4.988743421411189  1076.6795693039894
1.0  0.0  -0.7254193464135879  2.195421614559835  -1.6580479410710802  5.090647956613427  1076.4941126853228
1.0  0.0  -0.7321529571139455  2.1497508802966228  -1.658054989423614  5.152102991348665  1076.809904947877
1.0  0.0  -0.7257671953089043  2.155009307284519  -1.63121321597472  5.114795111495604  1076.3764712959528
1.0  0.0  -0.7056154644455285  2.1887614518455094  -1.6628933805408692  5.085414848567278  1077.0397998392582
1.0  0.0  -0.7039824060393162  2.1714426210599127  -1.6096356460726564  5.0859383194974646  1076.8676936030388
1.0  0.0  -0.6851927139728573  2.1648320288143177  -1.6785293383252524  4.961532607778418  1078.4512979835272
1.0  0.0  -0.6851927139728573  2.1648320288143177  -1.6785293383252524  4.961532607778418  1078.4512979835272
1.0  0.0  -0.6816699897720584  2.1790216628872052  -1.5936216747849774  4.851428870367237  1079.3986224234104
1.0  0.0  -0.6816699897720584  2.1790216628872052  -1.5936216747849774  4.851428870367237  1079.3986224234104
1.0  0.0  -0.6720413029233185  2.201710454383813  -1.6216975753031668  4.860023818566563  1081.9754285663366
1.0  0.0  -0.681344527414299  2.1768449327235517  -1.5421280153175858  4.892559628219735  1079.5444816797972
1.0  0.0  -0.6872653305993401  2.133825732813028  -1.442419333934755  4.9313175451998985  1077.6309469491243
1.0  0.0  -0.6871917558469244  2.130681863476666  -1.463120557268911  4.893561182690789  1077.4829412549734
1.0  0.0  -0.6805249379245657  2.115605604438047  -1.5412906956689651  4.978138938895245  1077.924840286374
1.0  0.0  -0.6936458667129684  2.062452064490833  -1.5011071826209308  5.068232317618082  1075.7439566850662
1.0  0.0  -0.6905903547683984  2.0663741946697893  -1.4777639632663633  5.129521701873463  1076.0287090688944
1.0  0.0  -0.6913964039115771  2.1046831901340095  -1.5155009551332272  5.174431433135373  1076.7162731736898
1.0  0.0  -0.6854551995809388  2.110740490173053  -1.5509354808691145  5.135443162798099  1077.3756744414568
1.0  0.0  -0.6963372730843845  2.104209631161763  -1.5445440763076743  5.3084424030721635  1076.4286823570728
1.0  0.0  -0.6963372730843845  2.104209631161763  -1.5445440763076743  5.3084424030721635  1076.4286823570728
1.0  0.0  -0.696352112667015  2.09189753725503  -1.5812934025539507  5.3940684043716685  1076.2775546610355
1.0  0.0  -0.696352112667015  2.09189753725503  -1.5812934025539507  5.3940684043716685  1076.2775546610355
1.0  0.0  -0.7042175440862938  2.0811071242178434  -1.5964380176619553  5.503063299839472  1075.8987081348896
1.0  0.0  -0.6886827403932749  2.08740701203306  -1.5255269199405925  5.509402026359348  1076.9594916850328
1.0  0.0  -0.6886827403932749  2.08740701203306  -1.5255269199405925  5.509402026359348  1076.9594916850328
1.0  0.0  -0.7005220269598971  2.1221691685438815  -1.5197221330133053  5.503620084522076  1076.6639005988836
1.0  0.0  -0.6883500543329677  2.1243918015564764  -1.503977124682472  5.611590606056288  1078.0969348698854
1.0  0.0  -0.6892305707994424  2.1080291239435707  -1.4996852033536054  5.688376247518748  1077.6694276034832
1.0  0.0  -0.6961537859877449  2.0747109376753814  -1.5009236218299606  5.69089327249011  1076.3085063695908
1.0  0.0  -0.6932494555090865  2.0696923262643527  -1.4607418247224826  5.622053018093868  1076.3870465904474
1.0  0.0  -0.6978355059368445  2.020514396477233  -1.5063964878585279  5.594349496284528  1075.4534135311842
1.0  0.0  -0.7055347049387897  2.0266364403103494  -1.4929984188337135  5.597835527115524  1075.47628878057
1.0  0.0  -0.6970407450401225  2.0391560090063865  -1.4262228536782353  5.6424525492968245  1075.70365691185
1.0  0.0  -0.701952528526946  1.9995031477150074  -1.5166185432706725  5.704461159089398  1075.3834933638573
1.0  0.0  -0.7156434989571094  1.9617544873020527  -1.4933494056639027  5.706714088595161  1076.4116100668907
1.0  0.0  -0.7140881445736443  1.9706599515615775  -1.530617449417734  5.759501367849607  1076.2546590566635
1.0  0.0  -0.7140881445736443  1.9706599515615775  -1.530617449417734  5.759501367849607  1076.2546590566635
1.0  0.0  -0.7200297383368256  2.0377533198992044  -1.5323647267844311  5.690511846224139  1076.184707313776
1.0  0.0  -0.7088801571744573  2.0503756465411884  -1.5961649217743348  5.766543028391163  1075.7892395555973
1.0  0.0  -0.7165055195200349  2.0339072129925255  -1.639957663065578  5.827940015828577  1076.2385364025831
1.0  0.0  -0.708593219565497  2.007119042028635  -1.6248507899383584  5.764397926409957  1075.8636303395033
1.0  0.0  -0.7197241783360119  2.0133591996341305  -1.552103668695854  5.613010813706994  1076.4778679907322
1.0  0.0  -0.7222230344748226  1.9987658038397926  -1.5416893132032676  5.6451962918456555  1076.8968983143568
1.0  0.0  -0.7373450167467802  1.9655515169726998  -1.5454897243023968  5.7829034753329145  1080.2920055687428
1.0  0.0  -0.7373450167467802  1.9655515169726998  -1.5454897243023968  5.7829034753329145  1080.2920055687428
1.0  0.0  -0.7234674855382563  1.9449728146093512  -1.6693266181805837  5.852516182650654  1079.0352948457003
1.0  0.0  -0.7234674855382563  1.9449728146093512  -1.6693266181805837  5.852516182650654  1079.0352948457003
1.0  0.0  -0.7234674855382563  1.9449728146093512  -1.6693266181805837  5.852516182650654  1079.0352948457003
1.0  0.0  -0.7120083697633132  1.986857485555174  -1.7110388212472036  5.834925600135016  1076.6497967243195
1.0  0.0  -0.6988638143131328  1.9502842150538302  -1.773043043597887  5.875863091941721  1076.2838519513607
1.0  0.0  -0.6905249456696038  1.9710462872611396  -1.65862397748934  5.9207450156137345  1075.4729142040014
1.0  0.0  -0.6946020193563829  1.9402749818907497  -1.645051765034925  5.979326873071386  1075.4706954807043
1.0  0.0  -0.706191151420068  1.8921475431867745  -1.6439448413271505  5.95987976829973  1077.203281134367
1.0  0.0  -0.7136973444402958  1.8800054304264855  -1.728883532442585  5.898339042335476  1080.0873471796513
1.0  0.0  -0.6980836549033069  1.889112234063085  -1.676863819640468  5.936939706856382  1076.4824451506138
1.0  0.0  -0.678121459065389  1.9560188288460372  -1.7633270118883977  5.923645218003365  1075.786599829793
1.0  0.0  -0.678121459065389  1.9560188288460372  -1.7633270118883977  5.923645218003365  1075.786599829793
1.0  0.0  -0.680817631075171  1.9698763982006633  -1.7992799023430621  5.9702799333527805  1075.9010826200247
1.0  0.0  -0.6820680040105914  1.9724039120964827  -1.7552904638805678  5.957257946242994  1075.8072885721922
1.0  0.0  -0.6722165275164357  1.96572866718255  -1.795538088248113  5.9455779455733575  1076.255173072219
1.0  0.0  -0.6834785481365178  1.9659804714553022  -1.8214930576580057  5.854289897664179  1075.866663083434
1.0  0.0  -0.6971715079776342  1.9546618292845213  -1.8601568497023369  5.863849470531912  1076.6568310409784
1.0  0.0  -0.6843953689188093  1.9331544023408962  -1.8703079655912163  5.792145955254767  1076.2033708393574
1.0  0.0  -0.6859238398966744  1.92772588063929  -1.7726020879154984  5.730041918600703  1075.7917070835829
1.0  0.0  -0.6859238398966744  1.92772588063929  -1.7726020879154984  5.730041918600703  1075.7917070835829
1.0  0.0  -0.6846039090261421  1.9539524316575376  -1.8287657060685094  5.615211824812245  1075.9391222149134
1.0  0.0  -0.6816000698724379  1.9546934469878168  -1.8613975341276774  5.544513877257879  1076.0479790121317
1.0  0.0  -0.6831634373241873  1.9769347902713288  -1.8685357531301567  5.564887378304093  1076.06369908154
1.0  0.0  -0.6924407001079198  2.0104673052679325  -1.8237390967581373  5.688813080375744  1075.9855337888002
1.0  0.0  -0.6960377676523074  2.012939209152597  -1.881831087648275  5.712314260434004  1076.2519689798355
1.0  0.0  -0.6940551856570875  1.9879864573925388  -1.8205257959478214  5.691026700408507  1076.0305580943823
1.0  0.0  -0.7026023770873094  1.9336039222760948  -1.825981817218106  5.754168333016704  1077.5205784589052
1.0  0.0  -0.7089472194121725  1.9510109961395679  -1.7635289745663125  5.654542056612281  1077.523388326168
1.0  0.0  -0.7089472194121725  1.9510109961395679  -1.7635289745663125  5.654542056612281  1077.523388326168
1.0  0.0  -0.716208659202332  1.8999057466826408  -1.784656141033332  5.696001927187131  1080.992729574442
1.0  0.0  -0.7151977757084513  1.9387488094504106  -1.7813806638341128  5.845262766256081  1078.7939953058958
1.0  0.0  -0.7056098106851662  1.8943689824082675  -1.7904761492311414  5.82610282978855  1078.7475857436657
1.0  0.0  -0.7095401171316397  1.8493350344964585  -1.7582715495386805  5.840551031841577  1081.194173142314
1.0  0.0  -0.7034677847333649  1.858184891327484  -1.775662358417713  5.870902878585252  1079.5158185362816
1.0  0.0  -0.7044250152986387  1.8958745306450666  -1.761955661202287  5.766939523963521  1078.251100897789
1.0  0.0  -0.7044250152986387  1.8958745306450666  -1.761955661202287  5.766939523963521  1078.251100897789
1.0  0.0  -0.7044250152986387  1.8958745306450666  -1.761955661202287  5.766939523963521  1078.251100897789
1.0  0.0  -0.6867605219525444  1.8602911552383157  -1.8234107884135364  5.8143776009966714  1077.2947762906551
1.0  0.0  -0.6720553206816472  1.8912034540335056  -1.8446381160669698  5.707692446751284  1075.9612224847078
1.0  0.0  -0.6758283943239733  1.9352732028702166  -1.722564761913191  5.674266722419079  1075.5318465083838
1.0  0.0  -0.6758283943239733  1.9352732028702166  -1.722564761913191  5.674266722419079  1075.5318465083838
1.0  0.0  -0.6792102710682112  1.9647464977690026  -1.7970416777439797  5.694899115355526  1075.8330794870853
1.0  0.0  -0.6901864083420838  1.9725154655431698  -1.7601863753022917  5.697313213125581  1075.7284351289272
1.0  0.0  -0.6929727949605373  1.9730684163231416  -1.716484018040394  5.762186487455777  1075.6329922378063
1.0  0.0  -0.6917864461141134  1.99114663031383  -1.7084833211907051  5.71299126866493  1075.627626478672
1.0  0.0  -0.6917864461141134  1.99114663031383  -1.7084833211907051  5.71299126866493  1075.627626478672
1.0  0.0  -0.7088930641653189  1.9742697908757787  -1.7293640955010308  5.778961785401097  1076.6704211235046
1.0  0.0  -0.7088930641653189  1.9742697908757787  -1.7293640955010308  5.778961785401097  1076.6704211235046
1.0  0.0  -0.7101288249798015  1.9715629451011694  -1.7151778105092936  5.753715923447225  1076.782144844532
1.0  0.0  -0.7084663938342699  1.968759313708345  -1.6711799429183922  5.610406472141468  1076.5033632069826
1.0  0.0  -0.7022891332159639  1.9630193614008182  -1.6603358784906814  5.686286820182228  1075.9243372827768
1.0  0.0  -0.6897842167838973  1.9964156140471045  -1.578748811588887  5.496534977930398  1075.4104095101357
1.0  0.0  -0.6904301263470506  1.9970799216662023  -1.5153818634571325  5.5506385091975154  1075.3747533112764
1.0  0.0  -0.6914703601469139  2.005785900868007  -1.5629116503691678  5.516466755769467  1075.450840011239
1.0  0.0  -0.6996957185050412  1.9925653866191533  -1.5169610617367593  5.340101288795625  1075.281102463603
1.0  0.0  -0.6996957185050412  1.9925653866191533  -1.5169610617367593  5.340101288795625  1075.281102463603
1.0  0.0  -0.7009350392032618  1.9732823924859813  -1.46381785043409  5.362202557223966  1075.2075721174479
1.0  0.0  -0.6967974289086153  1.9812970780837298  -1.4712908710092327  5.385368771288613  1075.1138713359833
